LIST = [1,2,6,7,12,14:17,19,24:25,28,29,31,32,36:37,39:40,42,44,51:52,54,55,58,60:64,66,75 ...
    ,77:79,83:85,87,88,91,93:97,99:102,104:109];
patient = patient(1);
